sample_index = [
1944,
616,
863,
3059,
1159,
1127,
3208,
2763,
3076,
948,
2709,
1849,
3851,
2898,
3650,
3171,
3433,
1235,
3294,
367,
183,
2040,
3914,
4069,
2290,
3672,
3878,
1024,
756,
352,
1280,
2453,
1197,
3879,
642,
737,
1049,
287,
2275,
3613,
3455,
1323,
1475,
2756,
2468,
1444,
69,
1620,
1414,
1268,
4090,
2100,
3122,
322,
3357,
3130,
629,
1216,
2173,
3436,
3260,
3996,
3932,
46,
850,
2228,
3494,
574,
2111,
166,
4081,
20,
3853,
1511,
997,
1315,
1817,
3927,
2158,
1267,
2439,
1146,
3935,
3525,
4028,
595,
3361,
767,
3708,
1362,
2708,
298,
3624,
801,
348,
206,
2799,
1064,
2553,
2425,
3431,
1990,
2287,
3328,
1583,
874,
655,
140,
454,
3486,
833,
674,
2534,
1308,
423,
1651,
3917,
24,
3202,
2595,
1114,
2751,
84,
1092,
144,
4078,
1903,
2299,
2098,
3720,
3966,
667,
3629,
120,
2785,
622,
1458,
2641,
3580,
325,
1779,
3174,
2590,
1796,
1564,
708,
38,
3546,
998,
3077,
3933,
2937,
3182,
1812,
2832,
3192,
1842,
2936,
3530,
1302,
234,
3524,
3918,
1032,
3058,
2053,
866,
1434,
237,
724,
1393,
4028,
2595,
271,
2785,
1725,
1056,
3274,
2358,
2026,
1093,
2796,
1703,
893,
3978,
4063,
2350,
348,
1406,
755,
2530,
2430,
2083,
3621,
870,
1971,
3669,
750,
3565,
3119,
1620,
2796,
732,
1812,
891,
3822,
933,
3529,
726,
1671,
752,
3179,
3795,
2651,
4078,
224,
1839,
2372,
306,
1103,
178,
336,
699,
3269,
3621,
2440,
3417,
149,
2767,
649,
313,
481,
1874,
3245,
3903,
1873,
613,
2044,
2056,
3223,
1495,
2978,
609,
2094,
1626,
1866,
172,
1035,
2327,
2750,
1267,
1783,
2635,
1459,
3494,
3528,
4054,
786,
2532,
3630,
3561,
810,
2441,
2524,
2449,
2998,
3347,
2661,
2994,
63,
2041,
2960,
2785,
240,
2395,
3102,
1861,
58,
53,
3344,
2729,
2579,
2343,
1249,
153,
950,
965,
4011,
880,
697,
1089,
3322,
3089,
447,
950,
733,
1781,
1390,
3861,
448,
112,
4076,
1018,
1980,
454,
3985,
3816,
444,
115,
2830,
1997,
1460,
1365,
1829,
3195,
3086,
2099,
1483,
225,
742,
1216,
3054,
2351,
3558,
384,
457,
3209,
3241,
1894,
1079,
3579,
255,
3536,
2598,
1760,
2293,
2832,
2942,
298,
2330,
2810,
2669,
420,
1673,
445,
684,
1915,
951,
2003,
4018,
3695,
98,
3500,
3742,
3482,
443,
2491,
1741,
3640,
3149,
3440,
476,
191,
3869,
1639,
467,
1653,
2726,
617,
1390,
2477,
4090,
2905,
3011,
2520,
1749,
2384,
3778,
411,
2011,
3593,
3020,
3254,
2039,
3508,
51,
2098,
2917,
1965,
2180,
1562,
189,
3697,
2711,
1668,
2946,
4089,
2390,
1928,
3775,
1873,
1833,
2046,
3702,
403,
1745,
2086,
2120,
3112,
315,
461,
4045,
2235,
696,
1504,
2817,
3,
2476,
575,
65,
2486,
229,
3518,
560,
2763,
287,
3063,
1165,
2909,
1444,
2129,
1794,
371,
503,
2387,
2161,
185,
3468,
1563,
2949,
3159,
433,
2191,
1374,
2763,
2790,
2573,
1752,
3234,
3016,
3463,
2061,
613,
2128,
2357,
2924,
1133,
1084,
3558,
2337,
3266,
2127,
32,
3576,
634,
2359,
2287,
1699,
2654,
1619,
1013,
1121,
3322,
3062,
3881,
2965,
1579,
4048,
2102,
2473,
3465,
61,
4088,
2712,
3030,
1801,
3195,
450,
1429,
3582,
2912,
1228,
435,
3250,
1753,
2004,
1124,
3148,
1150,
388,
3410,
29,
4033,
1750,
3039,
1474,
134,
2644,
3939,
3276,
1035,
1432,
1155,
1855,
3793,
2648,
708,
1373,
3893,
1468,
3335,
2115,
2273,
1055,
554,
2477,
2416,
486,
2399,
3268,
2893,
2134,
2501,
2636,
2218,
1012,
2582,
4053,
1112,
1134,
1938,
3687,
477,
64,
2893,
1999,
969,
2089,
240,
1149,
2630,
887,
2014,
1461,
2424,
1410,
3876,
3311,
1785,
1546,
4092,
235,
2541,
606,
2540,
1623,
205,
2876,
3731,
2263,
1224,
2531,
3335,
915,
2215,
1023,
1233,
4021,
1649,
2861,
2358,
3504,
792,
1151,
1859,
3203,
339,
2350,
2101,
913,
3981,
4021,
3904,
1365,
3483,
2760,
1135,
2599,
1575,
3586,
2205,
326,
2577,
326,
960,
827,
2790,
1511,
1096,
2297,
1433,
2829,
298,
2410,
2876,
3381,
1505,
2195,
190,
3475,
637,
2852,
1293,
1803,
2319,
734,
2279,
36,
1171,
32,
1400,
1711,
3336,
1074,
2503,
966,
4016,
902,
354,
32,
1939,
3687,
3830,
975,
68,
405,
2589,
3208,
1706,
240,
266,
796,
2170,
84,
4023,
2887,
1699,
1573,
527,
2953,
1681,
1199,
621,
4006,
709,
758,
333,
4060,
2404,
3948,
782,
359,
4085,
2057,
867,
2816,
1630,
3857,
1221,
2103,
397,
52,
2489,
669,
3639,
1960,
3938,
1546,
3086,
1909,
1207,
1525,
3778,
1199,
3776,
1556,
2946,
3156,
3782,
441,
1169,
956,
1581,
4050,
1401,
2372,
2619,
2576,
3331,
3246,
1662,
2906,
1458,
508,
2307,
3777,
2605,
227,
3449,
149,
3984,
2525,
1148,
220,
773,
2815,
3054,
1021,
1193,
588,
1732,
2069,
1303,
110,
453,
2898,
648,
3311,
2395,
3669,
709,
3112,
2797,
305,
3922,
3029,
2010,
2098,
1727,
2285,
3805,
2120,
2603,
2036,
3250,
4082,
2153,
3034,
3375,
923,
2840,
473,
3176,
2527,
2452,
1003,
1513,
338,
3520,
112,
784,
140,
3161,
3487,
1461,
1917,
1242,
2756,
1610,
1414,
621,
68,
3154,
1921,
3999,
254,
2416,
1327,
2480,
617,
514,
686,
2705,
3477,
3285,
1761,
3548,
636,
285,
4060,
128,
3148,
2709,
1233,
2464,
1091,
3227,
2107,
1388,
1758,
3661,
3042,
3122,
1681,
305,
2253,
83,
3633,
3406,
1869,
791,
3635,
815,
3192,
3664,
112,
2765,
2669,
2215,
238,
3980,
2065,
1347,
38,
3134,
355,
163,
3482,
1385,
2277,
167,
3948,
1007,
781,
328,
3722,
2433,
3806,
1640,
3978,
3797,
1155,
947,
1551,
2111,
1508,
726,
938,
2916,
4060,
3242,
2597,
1037,
2375,
1983,
3308,
240,
1612,
381,
1326,
4031,
107,
1232,
313,
3487,
1608,
1682,
2131,
2865,
1482,
1142,
2062,
2339,
2649,
2057,
826,
1109,
2145,
1705,
4016,
3405,
247,
1000,
3125,
28,
903,
2372,
2280,
3141,
541,
3969,
1583,
1378,
150,
1795,
1536,
1718,
2364,
1833,
1725,
2106,
3645,
331,
1252,
3885,
2357,
413,
2384,
430,
3536,
864,
647,
2562,
3538,
1315,
3565,
3115,
2491,
1530,
1774,
813,
857,
318,
59,
2540,
1426,
3412,
3991,
3110,
3778,
1328,
1374,
1048,
3293,
2751,
3436,
2897,
2651,
1493,
2724,
3459,
1393,
3163,
806,
1227,
2213,
3558,
2145,
1361,
2766,
3971,
3885,
1816,
978,
2022,
2008,
121,
1765,
3569,
1016,
2918,
2092,
3817,
4015,
2788,
3876,
597,
248,
1310,
3027,
1835,
787,
4019,
2268,
3040,
769,
2997,
1621,
2471,
40,
3314,
1315,
3037,
2482,
3564,
2410,
3748,
115,
1124,
699,
1186,
1711,
1835,
3635,
3152,
4044,
3021,
1397,
3735,
3006,
912,
3559,
597,
2293,
3117,
76,
2947,
1454,
324,
1891,
3652,
1302,
4084,
824,
1595,
711,
3295,
3030,
352,
839,
4037,
4021,
2816,
3383,
3101,
938,
875,
1206,
2158,
1794,
3459,
2716,
2838,
1938,
2406,
3250,
605,
1731,
1964,
3047,
465,
3616,
1562,
2119,
2769,
978,
1037,
2645,
3192,
665,
1834,
3696,
1709,
4052,
3172,
3778,
3257,
2622,
17,
1195,
1354,
3029,
4047,
757,
3097,
3358,
2262,
996,
3785,
1327,
2756,
2938,
2078,
971,
379,
3874,
1965,
3537,
2960,
2498,
159,
800,
755,
55,
3928,
2314,
2914,
2651,
3434,
94,
769,
1777,
2647,
2816,
1353,
889,
462,
1935,
2035,
3187,
2042,
85,
379,
1468,
1479,
3620,
63,
401,
1582,
2385,
2976,
3322,
1842,
2923,
3830,
382,
3424,
2683,
1668,
359,
1501,
2282,
1846,
3786,
33,
1136,
2605,
937,
806,
2710,
911,
1365,
1378,
2684,
1257,
5,
113,
2303,
1151,
1004,
2827,
1613,
2299,
2585,
312,
2004,
2886,
3323,
407,
1316,
1493,
3900,
612,
1096,
3449,
261,
129,
2616,
559,
2804,
3689,
3590,
3987,
2767,
890,
3909,
3652,
35,
3738,
2679,
3129,
568,
3115,
3139,
2747,
3544,
1983,
525,
1525,
3158,
586,
3285,
2433,
2930,
487,
1413,
2350,
120,
1848,
3466,
]
